  1	735		55.19	<.0001	0.85078162
  2	611		39.44	<.0001	0.75593977
  3	812		24.47	<.0001	0.70128112
  4	642		18.07	<.0001	0.66307435
  5	204		12.37	<.0001	0.63789568
  6	200		12.17	<.0001	0.61401334
  7	847		11.55	<.0001	0.59214772
  8	754		10.31	<.0001	0.57322761
  9	632		7.64	<.0001	0.55951793
 10	744		7.61	<.0001	0.54617565
 11		812	1.38	0.2465	0.54859951
 12	154		6.73	0.0002	0.53700536
 13	396		6.59	0.0002	0.52587311
 14	903		5.88	0.0006	0.51611934
 15	822		6.93	0.0001	0.50485851
 16	 43		6.42	0.0003	0.49461969
 17	707		5.19	0.0015	0.48647287
 18	102		5.04	0.0018	0.47868689
 19	363		4.87	0.0023	0.47126497
 20	287		4.63	0.0032	0.46430222
 21	876		4.03	0.0073	0.45831417
 22	889		4.11	0.0066	0.45228919
 23	776		4.09	0.0068	0.44636673
 24	499		4.18	0.0059	0.44037987
 25	782		3.85	0.0094	0.43493478
 26	843		4.11	0.0065	0.42918618
 27	172		4.14	0.0063	0.42346387
 28	280		3.83	0.0097	0.41824148
 29	545		4.29	0.0051	0.41246176
 30	712		5.07	0.0017	0.40573430
 31	867		4.36	0.0046	0.40001774
 32	877		4.19	0.0059	0.39460124
 33	576		4.18	0.0060	0.38926658
 34	 80		3.84	0.0095	0.38441887
 35	119		3.25	0.0212	0.38035096
 36	292		3.26	0.0210	0.37631252
 37	421		3.37	0.0180	0.37217660
 38		611	1.71	0.1639	0.37427125
 39	 23		3.20	0.0229	0.37036794
 40	984		3.41	0.0171	0.36624733
 41	926		3.62	0.0128	0.36191665
 42	964		3.63	0.0126	0.35761808
 43	945		3.51	0.0149	0.35350938
 44	711		4.00	0.0077	0.34888840
 45	436		3.15	0.0244	0.34528118
 46	554		3.08	0.0267	0.34178187
 47	874		3.25	0.0214	0.33813157
 48	946		3.03	0.0288	0.33475879
 49	367		3.24	0.0215	0.33118116
 50	825		3.23	0.0218	0.32764839
 51	592		2.96	0.0314	0.32443724
 52	171		3.11	0.0257	0.32109575
 53	181		2.95	0.0320	0.31795808
 54	391		2.92	0.0330	0.31487167
 55	651		3.02	0.0291	0.31171442
 56	189		3.02	0.0290	0.30858146
 57	108		2.91	0.0337	0.30559165
 58	613		2.97	0.0311	0.30256745
 59	639		2.75	0.0415	0.29978488
 60		499	1.77	0.1520	0.30156995
 61	347		3.08	0.0266	0.29846667
 62	297		2.85	0.0364	0.29562203
 63		119	1.69	0.1674	0.29730880
 64	408		2.85	0.0366	0.29447949
 65	851		3.26	0.0209	0.29126842
 66	633		2.71	0.0443	0.28862707
 67	574		2.70	0.0444	0.28600852
 68	635		2.72	0.0435	0.28339563
 69	705		2.73	0.0426	0.28078950
 70		822	1.73	0.1596	0.28243645
 71	956		4.35	0.0047	0.27832632
 72	 34		2.75	0.0420	0.27575382
 73	691		2.60	0.0512	0.27333887
 74		280	1.68	0.1706	0.27489719
 75	568		2.48	0.0598	0.27259776
 76	731		2.81	0.0385	0.27001407
 77	600		3.10	0.0260	0.26718856
 78	276		2.80	0.0393	0.26466360
 79	824		2.61	0.0505	0.26232590
 80	371		2.71	0.0438	0.25991343
 81	636		2.74	0.0421	0.25749464
 82	 48		2.58	0.0523	0.25523550
 83	458		2.64	0.0482	0.25294156
 84	254		2.78	0.0401	0.25054798
 85	346		2.63	0.0490	0.24830092
 86	445		2.68	0.0459	0.24603061
 87	115		2.87	0.0355	0.24361873
 88	113		3.04	0.0283	0.24108938
 89	897		2.49	0.0590	0.23903174
 90	914		3.01	0.0296	0.23657120
 91	807		3.03	0.0288	0.23411579
 92		843	1.18	0.3147	0.23507608
 93	723		2.68	0.0460	0.23291499
 94	328		2.45	0.0625	0.23095466
 95	729		2.51	0.0578	0.22896221
 96	793		2.34	0.0717	0.22711222
 97	737		2.82	0.0380	0.22490408
 98	868		2.37	0.0697	0.22306572
 99	678		2.33	0.0732	0.22126927
100	100		2.53	0.0561	0.21933192
101	559		2.68	0.0460	0.21729714
102	 54		2.73	0.0427	0.21523735
103	423		2.89	0.0348	0.21308263
104		363	1.75	0.1558	0.21438737
105	629		2.47	0.0606	0.21254687
106	989		2.43	0.0636	0.21074719
107	159		2.55	0.0549	0.20887940
108	 30		2.31	0.0754	0.20719901
109	232		2.47	0.0604	0.20541021
110	640		2.29	0.0771	0.20376618
111	963		2.09	0.0995	0.20227147
112	812		2.29	0.0774	0.20065066
113	881		2.28	0.0784	0.19904799
114		754	1.52	0.2073	0.20011976
115		613	1.67	0.1709	0.20130407
116	819		2.49	0.0591	0.19954864
117		735	1.54	0.2023	0.20063564
118	 26		2.72	0.0437	0.19872824
119	400		2.32	0.0742	0.19711217
120		232	1.70	0.1647	0.19830017
121	479		2.43	0.0642	0.19661203
122		396	1.75	0.1548	0.19783084
123	 83		2.18	0.0885	0.19631406
124	377		2.20	0.0864	0.19479476
125	 57		2.29	0.0771	0.19322677
126		159	1.75	0.1546	0.19442812
127	469		2.23	0.0832	0.19290213
128	257		2.46	0.0612	0.19122928
129	 18		2.25	0.0806	0.18970901
130	141		2.42	0.0652	0.18809202
131	902		2.18	0.0885	0.18664005
132	965		2.20	0.0872	0.18518990
133		737	1.40	0.2421	0.18611330
134	957		2.56	0.0539	0.18442947
135	623		2.63	0.0490	0.18271252
136	745		2.79	0.0393	0.18090463
137	564		2.65	0.0477	0.17920352
138	323		2.17	0.0906	0.17782312
139	170		2.16	0.0912	0.17645463
140	858		2.19	0.0878	0.17507735
141	547		2.26	0.0801	0.17366550
142	515		2.38	0.0684	0.17219011
143	183		2.22	0.0839	0.17081990
144		287	1.46	0.2239	0.17171957
145	692		2.13	0.0948	0.17040989
146	150		2.21	0.0855	0.16906102
147	240		2.19	0.0878	0.16773337
148	151		2.15	0.0920	0.16643609
149	370		2.28	0.0785	0.16507538
150	468		2.45	0.0625	0.16362282
151	979		2.12	0.0968	0.16237534
152		881	1.73	0.1592	0.16339587
153	185		2.16	0.0912	0.16212348
154	271		2.01	0.1116	0.16094932
155	137		2.01	0.1105	0.15977772
156	908		2.06	0.1044	0.15858831
157		776	1.76	0.1529	0.15960684
158	337		2.22	0.0842	0.15832471
159	366		2.52	0.0568	0.15688211
160	770		2.34	0.0719	0.15555098
161	995		2.50	0.0585	0.15414250
162		707	1.58	0.1925	0.15503406
163	376		2.47	0.0606	0.15364512
164		183	1.72	0.1623	0.15460924
165	 37		2.74	0.0422	0.15307328
166	915		2.30	0.0757	0.15179286
167		744	1.47	0.2218	0.15260916
168	291		2.70	0.0449	0.15111691
169	388		2.08	0.1007	0.14997019
170	209		2.21	0.0859	0.14876495
171	140		2.43	0.0636	0.14744501
172		181	1.77	0.1511	0.14840508
173	955		2.47	0.0604	0.14706775
174	667		2.39	0.0671	0.14578319
175	386		2.05	0.1052	0.14468906
176	270		2.20	0.0863	0.14352242
177	191		2.08	0.1017	0.14242902
178	197		2.18	0.0893	0.14129116
179		642	1.71	0.1639	0.14218382
180	308		2.10	0.0987	0.14108742
181	338		2.84	0.0371	0.13961958
182	162		2.14	0.0932	0.13851791
183	362		2.18	0.0889	0.13740560
184	428		2.30	0.0759	0.13624026
185	615		2.19	0.0875	0.13513713
186	 78		2.02	0.1103	0.13412975
187	526		2.13	0.0954	0.13307361
188	517		2.24	0.0825	0.13197040
189	991		2.16	0.0908	0.13091061
190	560		2.12	0.0966	0.12988086
191	942		2.08	0.1019	0.12887733
192	441		1.97	0.1164	0.12792923
193	298		1.94	0.1212	0.12700163
194	180		2.47	0.0608	0.12583226
